.Random.seed <-
c(403L, 10L, -1269340760L, -1914740309L, -788112695L, 1499810520L, 
573585286L, 777857633L, -1802341389L, 1701570146L, -199212844L, 
-687306281L, -1447937075L, 1349521252L, -378234038L, 231631541L, 
-525739505L, 1206369046L, -1573628480L, 516130179L, -1295414367L, 
516297616L, 81645678L, -1559415271L, 1817597611L, -1275581798L, 
188913244L, 1388823391L, 692387125L, 773434572L, -1064397278L, 
-119527299L, 524800375L, -1324040546L, -1894372008L, -1632396101L, 
-1100111271L, 294570472L, 1942973462L, -507308143L, 557316163L, 
-884867246L, -1557658652L, -564045273L, 1905472125L, -471143564L, 
2005321562L, -613367387L, -356786753L, -370999738L, 341494992L, 
-1602476301L, 716464145L, 1823082048L, 1698425374L, 3106025L, 
-1363423717L, -1793577430L, -1678962356L, 1036000015L, 2021690949L, 
1828190204L, 2145529426L, -81366067L, 1531362695L, -594937746L, 
-1813839800L, -1290636725L, -1164431447L, 1206050552L, 1006025254L, 
-2116111551L, -180610861L, 139140226L, -498984268L, -575271369L, 
-417270483L, -15368636L, 901530474L, -1996353579L, -1939728017L, 
-1429293962L, 871014304L, -1302575005L, 228560129L, 750895216L, 
1608698894L, 1535192185L, 1986231307L, 1783821626L, 1970553916L, 
2111624063L, -1158749995L, -1757408020L, -911036862L, -1156406883L, 
726340631L, 1804847486L, 301010744L, 1226360859L, 47008121L, 
998256584L, 2116187126L, 1683990065L, 2019385443L, 953524274L, 
-949084796L, 1168417735L, 2136311453L, 1288728084L, 344782010L, 
-645275387L, 1998979807L, -1749717146L, 1602930416L, 1242005011L, 
-1539598415L, -620010912L, -2089312258L, 1857310601L, -1202304837L, 
1781277834L, -1123043476L, 518046959L, -330109147L, 737581532L, 
-1430255694L, -1502409043L, 416392807L, 1336956302L, 1383228008L, 
-1163501973L, -1003358199L, 1210066584L, 1875714502L, -292490975L, 
-903495245L, 484670754L, -967084268L, 1558720407L, -664686707L, 
1245942436L, 534256778L, 766628597L, 1842591055L, -911834538L, 
-2046926592L, -1865444285L, -450840607L, -1191389360L, -332838482L, 
-658684071L, -672707221L, -1323821862L, -1099063908L, -1414905441L, 
237011957L, 603181708L, 1713043298L, -2072819907L, -961822793L, 
-392532898L, -1035910760L, -4422405L, -1955909479L, -906247896L, 
443914198L, -1655925679L, -959283453L, -1974946158L, -499067868L, 
214735591L, -624332995L, -494932044L, 5919770L, -1126961307L, 
-736833025L, -584205178L, 396591120L, 2009752243L, -2137824943L, 
325345536L, 502014942L, 2017480745L, 1352165339L, -393358102L, 
1447785100L, 709651919L, -1263787643L, -1301292484L, -1745191150L, 
-1549917171L, -697405625L, 437980462L, -978678648L, -1549280885L, 
1720164713L, 1782156088L, -1283721754L, -1689808511L, 1333921043L, 
-100351294L, 1342737780L, 1652960631L, -1040738707L, 1738569988L, 
-1338438614L, -1995505259L, -1696319953L, 2113393462L, -1383322784L, 
1713574307L, 816403137L, 1496959664L, 306587086L, 80746809L, 
-1059007157L, 20455162L, 568692732L, 1467183167L, -1164056299L, 
1731539500L, -242123006L, -404714531L, -713660713L, -1685573186L, 
19313656L, -1664587813L, -1973675463L, -984135348L, 949508064L, 
-1658939998L, -2118353496L, 40707724L, -2110014020L, -1667191182L, 
-15156240L, -155765180L, 1960802392L, -1780819910L, -554588048L, 
-809732036L, -249038572L, -2026077502L, -32993568L, -2107217796L, 
-1955410224L, -326592094L, -574214104L, 1595677452L, 652235196L, 
187634482L, 1624120000L, 1784390708L, -252979512L, 2000778426L, 
-1393854832L, -1979846932L, 109095508L, 347734674L, 972439840L, 
-1055053364L, 1427702496L, -1465001790L, -261000152L, 1162934188L, 
1287226044L, 1350552562L, 1198206512L, -300652636L, 165309880L, 
460400474L, 1571205264L, 719004540L, 1855181076L, -84391614L, 
2034657536L, 807587260L, 887294288L, 1605691682L, -1271217592L, 
484960268L, -1703066020L, -1243944494L, 1334545920L, -938238636L, 
-1731998488L, 672696570L, -1121231152L, 251628332L, 1502357748L, 
673096082L, 1989264736L, -1700416500L, 1393757408L, -1068330398L, 
-1021172568L, 877315148L, 1913692028L, -2032551630L, -2000706960L, 
-1946209468L, 892697560L, -1409275014L, 351189040L, 353664956L, 
1051667028L, -722538430L, 169674400L, 107872956L, 1595720656L, 
1238832482L, -2088010008L, 1141136588L, -1623959044L, 255090162L, 
-1977443200L, 2000812532L, -643808632L, -2043086022L, 1015424336L, 
-454982548L, 217124244L, 886597714L, -264995360L, 1550726348L, 
-1433264480L, 1657721218L, -2010537752L, 763218668L, -1536123588L, 
181028978L, -101064080L, -269755868L, -649074632L, 2032449818L, 
-1113037616L, 1096751420L, 1808421780L, 1264277378L, 1840106432L, 
653186620L, -909639280L, -2099337182L, 191008008L, -671422324L, 
-327708900L, -1095664494L, -875082368L, -366645228L, -2026723544L, 
-212261318L, -1942255152L, -2071985812L, 1862761396L, 392843794L, 
-1881581600L, 779286988L, 329849056L, -804850654L, -1762297048L, 
284715532L, 1774760764L, -540211214L, -430783760L, -1772533180L, 
-1445415336L, -1266772166L, -254568464L, 668265148L, -173112044L, 
334720194L, 1414098016L, -906216068L, 1356169168L, -1199388382L, 
463867560L, -1604976756L, 1250583740L, -663088334L, 1966650944L, 
-1976290124L, 1998163016L, 396725690L, -2056381936L, 1544211692L, 
1357386068L, -1904854254L, 1817593248L, -1458072884L, 1445087840L, 
-1067833406L, 455680808L, 2090639788L, 851113276L, -894172302L, 
1301570864L, -1092722908L, -1765776072L, -339761446L, 355481488L, 
405078780L, 160635796L, -1315462078L, 1759112448L, 686293052L, 
-337572528L, -1881197406L, -65143992L, 529297164L, -157364516L, 
1973274450L, 2125784704L, 1723142228L, -1160330264L, -2145268998L, 
494759248L, -1156204756L, 200993652L, -2140519534L, -950007200L, 
-1389924468L, 1803982688L, 943332322L, -909947992L, -950235956L, 
1067583996L, 1159614386L, 446602736L, 281951684L, -1656032936L, 
-265001606L, -1091560016L, -1368521796L, 387950676L, -631955518L, 
-1844185056L, -156806980L, -1915487664L, 940021730L, -1725374872L, 
1487019596L, -694949636L, -1639239694L, -568556288L, 995195764L, 
-1985906680L, -454063686L, -1357722160L, -2003053588L, 1537911700L, 
-1655862318L, 311136096L, 934771020L, 1635688736L, -2064322686L, 
1541258284L, 1577337914L, 801231599L, -894808711L, -378199538L, 
-421719076L, 1952226381L, -783675465L, 269971776L, 1914656798L, 
85004011L, -1119592851L, 451299034L, -324421992L, 717225217L, 
-1029881165L, 1892224468L, -1681503006L, 953869687L, -2015732543L, 
-2128568250L, 305729412L, -399054539L, 196114207L, -1629332872L, 
-1771618474L, -568599069L, -629427291L, 30655042L, 1221468208L, 
-1308797863L, 2034797003L, 1240484412L, 1189741674L, 1725847199L, 
-32416983L, -2009991234L, 735250092L, -194515971L, 151266119L, 
1997472816L, 1832707406L, -1996505733L, 893086429L, -1759958262L, 
348924456L, 2049622673L, 2055930499L, -1940012156L, 1620978098L, 
-444819705L, -824691375L, -527794986L, -492119628L, 2070121925L, 
443915535L, 1197943688L, -1956531546L, -960028077L, -2094666827L, 
-1315612398L, 1195117280L, -1748213943L, 1985671547L, 735321164L, 
1959484890L, 1825103823L, -668704359L, -671379026L, 783199932L, 
21339949L, -673489705L, 1367532832L, 348336766L, 143981643L, 
2073718349L, -907160454L, 623072440L, 2100944481L, 389850131L, 
-1266429388L, 1945556034L, -488182697L, -385816671L, -589850522L, 
-919609244L, -1073431659L, -1272984385L, -1440596904L, -304666506L, 
1614665859L, 1028102341L, 28530146L, 5479504L, -594971271L, -257013077L, 
-2097245668L, -916066998L, -484616897L, -172108919L, -110613602L, 
-1422054836L, -113349603L, -310811225L, 256563408L, -464221586L, 
-1787947749L, -470905219L, -1690952598L, 1261799688L, -1748755023L, 
1089714723L, -1381310684L, -814782510L, 1633035303L, 1405148785L, 
88122550L, -563731372L, 1318657253L, -1587582737L, 1836473384L, 
-1811609466L, 1298141875L, -426879979L, 270673522L, 471245504L, 
-391583959L, -668039781L, -1360756116L, 206894714L, 989964207L, 
-1637629255L, -933286706L, 1447929372L, 1912683917L, -513840137L, 
1339903744L, -497457826L, 214265387L, -772570835L, -1067131494L, 
-1794602152L, -352021823L, 721859955L, 1258112660L, 1957983010L, 
